3237
2875
3109
3187
3308
3215
3214
4482
3816
3837
3183
3916
3109
3271
3950
3742
3147
3818
3863
3083
4010
3893
3216
3224
4067
4685
4899
4709
4797
4784
4828
4829
4899
4897
4876
5018
4480
5773
4841
4875
4873
5537
4069
4481
4638
4636
4070
4011
3920
4853
5024
5751
3933
8029
5820
5772
6043
5730
5798
5586
5728
5641
5700
5730
5946
5797
6958
6420
5734
5615
5535
5798
5679
5737
5632
5802
5563
5873
5690
5788
5262
5305
5611
5796
5806
5728
5945
5587
5612
5941
5759
5899
5940
5891
5943
5659
6358
5799
6056
6415
6065
6081
6280
6255
6040
5717
5942
5806
5940
5757
5756
6160
6415
5786
5899
5869
5937
5893
5942
5940
5659
5894
5785
6451
6308
5869
6907
6935
6269
6381
5973
6033
5828
5991
6178
5995
6147
6107
6191
6306
6414
6920
6236
6182
6303
6100
6053
6148
6080
6101
6102
6078
6339
7955
6340
6302
6421
6414
6481
6833
7014
6428
6448
6427
6898
6354
6442
6443
6411
6845
6441
6679
6427
6481
6411
6348
6424
6371
6406
6426
8021
6726
6871
6440
6774
6449
6873
6425
6634
6481
6843
6414
6619
6443
6827
6441
6619
7346
7638
5782
6537
6425
6692
6641
6894
6422
6500
6480
6743
6889
8015
6413
6965
6633
6742
6523
6814
6448
6667
6497
6831
6887
6447
6481
6405
6408
6444
6446
6447
6446
6444
7953
7638
7724
8017
7941
7983
7659
7953
7635
8014
7932
7913
7741
7706
7705
7929
7998
7982
7985
7940
8015
8018
8016
7981
8013
7657
7999
7948
7632
7980
7912
7937
7711
7951
7981
7916
8011
8004
7940
7937
7936
7709
8012
7928
7941
7859
8013
7911
8015
7878
7712
7911
7721
8012
7941
7937
7948
7934
7878
7687
8012
7939
7933
7946
8015
7909
7943
7983
7934
7948
7859
7866
7950
7629
7707
7868
7908
7875
7948
7709
7685
7656
7708
7701
7709
7944
7433
7655
7702
7694
7693
7701
7702
7684
7655
7691
7666
7701
7704
7692
7923
7862
7650
7702
7627
7703
7652
7836
7629
7692
7704
7648
7407
7623
7454
7628
7504
7614
7594
7620
7553
7542
7612
7832
7592
7904
7536
7453
7407
7463
7624
7381
7649
7450
7485
7430
7619
7393
7593
7252
7472
7977
7593
7935
7611
7520
7404
7920
7462
7625
7360
7621
7617
7574
7336
7318
7208
7458
7265
7504
7491
7285
7428
7399
7647
7546
7480
7489
7490
7249
7210
7167
7203
7174
7201
7195
7010
7061
7004
7128
6977
7062
7312
7013
8002
7134
6871
7123
6994
7046
7014
6938
7135
6905
6883
6998
6932
7995
7934
7920
7989
7690
7382
7264
7278
7189
7252
7397
7194
7389
7546
7257
7265
7439
7252
7387
7186
7531
7198
7191
7183
7201
2693
3054
7184
7142
7200
7114
6984
7145
7155
7009
7314
5771
6891
7928
7693
7614
7511
7251
7681
7241
7254
7448
7986
7193
7378
7201
6928
7009
7062
6808
6829
6880
6849
6805
6733
6847
6647
6606
6457
6582
6653
6387
5767
5643
6460
6459
6460
6878
6424
6467
6805
6702
6399
6867
6487
6776
6348
6802
6881
